8276
5097
2704
9999
1795
8581
9196
9729
2182
9228
1418
8136
3727
3910
8208
5463
5611
6916
7076
2839
1081
40
1365
2493
8449
3956
2487
7690
2691
1125
1533
572
9291
2556
8003
1529
9353
6586
8708
3831
7235
4022
6699
3042
9123
5590
2795
5453
4791
5424
8059
7131
6453
569
7492
7697
3767
5141
174
115
6110
1821
7602
9903
7777
7712
5192
1839
2008
6181
6638
3319
2018
6106
9221
2740
3238
2979
6479
5878
7753
3871
2989
6134
8458
4872
9315
8031
1637
3614
1300
5958
4693
7081
6718
2429
5544
1995
6816
2623
6854
518
8420
386
6330
5256
6061
694
1403
2356
3857
717
4394
217
3553
9397
1174
7502
965
7000
337
4965
902
6413
752
1639
8527
495
7548
5375
3267
1786
6732
371
1211
2199
9015
1543
3701
5700
7209
6710
4772
590
6670
8237
6707
5480
8642
1143
1834
8534
1001
5098
7295
9481
1420
1277
3196
4851
4870
2349
7647
5372
737
3626
7449
6975
2882
2042
2845
4496
6567
668
9878
8393
1280
9801
9186
1915
541
7245
5007
2083
7114
5114
6023
4075
5279
4885
8875
3025
6369
1655
3624
5555
5726
4633
5776
400
3693
2825
5721
4929
722
4484
5806
7932
3348
4683
5168
5175
240
341
1866
8655
326
4858
2607
1844
72
6622
1494
5652
5563
3457
2307
4875
4866
813
141
1498
444
1429
1283
3309
3936
7913
1002
4182
7818
2331
1378
5414
2857
9732
2853
8750
1888
7668
6170
9832
613
2828
5837
56
8678
8093
9158
6320
8318
6910
28
8241
1890
1321
8372
1501
7774
3395
9138
4199
3157
2030
9453
8847
6021
4013
4890
4062
4376
4861
3599
6959
3098
5638
8688
5752
2268
7491
7568
1920
9479
1863
4780
7121
9208
8536
4694
5446
621
5334
1182
5542
8220
7713
2257
4136
6837
5053
7886
4666
2194
8485
7265
1014
9681
4223
2088
2045
4095
1662
2499
5181
1597
5921
9399
1243
2322
107
5891
5176
133
6496
9912
7522
4049
5768
1903
8812
7858
5381
6973
9888
7780
6279
8807
129
3360
2901
3414
8205
1547
7533
9876
8454
9459
3346
3711
1886
9377
8658
3653
2766
1225
2425
8643
7518
5987
55
8238
2352
4239
3005
2764
800
6653
8044
9267
4855
4519
8912
2575
1479
2551
9077
3318
9543
1975
7436
1924
1352
8385
304
9110
686
7746
8083
2661
6674
3449
1160
767
3325
5745
5044
5353
1464
6012
6634
387
9842
3862
6765
4107
4210
6516
1868
4646
3758
1233
381
3425
7324
4894
2350
6884
8284
2603
6543
3169
750
9670
5893
8292
8499
1349
1937
163
3918
3870
3286
5166
1126
9754
576
8863
3613
500
176
6537
8711
9062
3798
7201
4596
6520
4065
7001
6042
2478
8957
1373
7246
8683
364
3426
7733
7642
7191
5518
263
4001
8058
2775
3729
5090
3657
1323
4728
6051
7095
1249
3050
5456
511
4599
343
635
5043
4073
196
2013
2922
3287
9854
2101
7474
4593
1443
5129
4980
9573
3922
4282
9087
5522
926
4145
7046
1749
5889
3770
1999
8818
9339
8116
3481
2453
4796
6912
7151
7669
9588
4505
2870
6907
660
8361
3089
4292
7395
9963
136
1047
4322
5701
8181
7578
6015
250
8696
1699
8166
2811
2419
1536
6662
8736
1327
5641
6185
8771
7009
85
6128
226
9663
1442
9125
5433
9700
5402
3846
1672
4277
7255
5390
6210
8145
7082
7222
9316
6018
8765
9952
1710
9965
5896
7241
617
3710
2319
4261
1585
2132
7727
5415
7737
7501
9861
8460
6972
9532
1256
6521
2563
798
745
1196
4532
2314
9939
1117
838
1055
4675
5305
4481
7708
2413
5218
365
9154
7988
7285
9979
7709
2900
7794
8973
7520
8907
1934
2716
8173
264
1109
9710
236
475
1379
8415
1961
3391
7357
4483
1587
77
8077
1217
2528
8759
429
8306
5577
8251
655
1730
5461
4756
9964
8305
5967
5034
1308
642
224
7587
4730
5779
9089
1204
5900
3912
8717
2243
8924
9365
4916
7364
3902
2391
4226
4410
9471
7740
5223
7228
7286
5783
6659
5623
2952
3898
6242
6675
6607
5069
6224
6327
7671
244
3905
4044
4219
1397
5850
1774
2757
4076
3676
9539
7573
9276
145
5980
8932
1607
5620
5094
2555
549
2590
7177
100
4268
9646
3091
5063
8386
4517
8246
1556
2860
157
452
7070
2880
720
3611
3558
3035
183
4302
8746
9881
4296
3156
9005
3986
5972
1226
9168
4279
5591
3897
6788
3132
9760
3140
3781
6588
2466
1884
5324
6687
7769
1968
4638
1690
1787
9536
4828
6817
9270
2491
7450
490
9879
6891
4846
3577
9034
657
132
6994
5058
9431
4734
3177
3294
7289
8072
8948
1870
1097
9887
79
9039
6489
7017
2511
8298
5527
7455
2402
3358
2929
4408
453
6733
3537
4850
6007
9998
8623
2746
3738
7885
951
8797
6472
320
5263
8564
1922
5351
1239
6054
7036
3232
7270
1179
9858
8131
3446
7845
2299
542
1406
256
3479
1778
9938
8560
20
7685
4023
5234
8285
869
681
5302
8252
4103
3747
2437
9307
9433
4431
5153
8530
7087
9996
4812
9124
5420
187
4681
1011
3566
3474
4727
5684
7284
623
3603
4291
9011
7525
8724
7523
9335
9825
8700
1801
6109
7781
5412
8089
7704
7927
8230
2557
8455
6253
3968
3895
8798
6361
3709
1060
7779
5619
2881
9280
5531
9551
385
6542
7901
9941
9993
1035
5750
969
8616
288
7741
6265
5595
9727
1099
8138
4426
1481
7592
317
305
682
1388
5147
1319
5949
1399
8402
797
7007
3811
646
5695
8418
2231
9806
2709
275
8405
2367
9711
1727
5610
7678
5929
7993
280
8741
7039
215
976
6877
9422
7889
986
8533
1636
143
9143
433
9160
9404
8376
4625
5378
9564
6623
3159
9344
330
9627
4306
8354
4018
1938
9587
1963
1423
5427
7195
1041
5452
2513
6111
4047
6963
759
4759
6957
5990
1621
4993
6276
6693
1291
5935
6956
6601
461
1353
8427
1382
8270
9487
9097
8183
7428
5670
2060
4132
4562
9242
9462
5664
5809
6811
4305
2621
8816
1272
6048
749
933
9855
2821
3539
7673
6388
5788
9540
8316
733
9424
7936
3824
510
6274
2990
316
9849
7895
5685
1265
4860
649
4511
2061
7987
8335
9708
9870
7707
4202
3094
8000
4592
3999
2997
1887
336
803
4290
9752
8021
9288
8501
729
7719
6894
469
5103
4844
2287
404
8123
2651
6101
9738
5883
6427
9066
7402
2369
8432
8974
9255
6267
7681
2859
5313
9884
8057
4141
656
4159
1087
1040
8968
5226
9943
8186
9274
9248
5084
3104
7561
218
1985
3901
5341
1872
6835
1324
5501
645
7103
1484
451
7497
7145
3456
5927
1124
6289
564
1101
5209
1673
6229
1144
6478
9220
9853
9170
6754
5249
1071
9821
1769
2688
3886
5292
1348
774
8132
486
3397
1415
7752
3840
9509
6337
2428
5447
7339
1034
3355
9382
2673
2455
9414
8375
7159
1678
9370
769
6296
1407
6161
3921
7307
7637
7400
9366
114
4347
967
7482
3507
1384
2686
8226
3731
2071
8537
6256
425
772
440
4447
3976
9701
573
329
1928
3980
4080
1115
6409
2284
6168
2069
4036
3992
1167
504
5127
8774
4082
1676
6557
9381
8213
8594
5037
9895
3128
2246
9447
1943
1377
6282
3880
7499
9088
4451
2813
8424
4521
9582
8681
4313
9787
3619
5325
3654
1020
9114
8985
9187
7318
1346
3847
2659
3530
3675
9106
4414
716
7280
7736
9325
3311
9709
3033
4340
6434
1046
5568
4645
1478
2250
7488
7179
8550
9135
6935
2046
4543
6468
2
8687
8914
5407
221
7272
5050
7750
6524
3284
6503
7732
539
2122
1214
5567
7171
6947
3216
871
2833
6480
7468
2861
7310
9769
1731
2747
5526
3436
377
9766
9224
3602
5011
5931
2544
4091
8727
5482
8259
5187
7466
435
937
2587
1527
1741
7764
1301
4942
2125
7187
5801
5661
2523
1729
7120
4818
1410
3208
5991
3692
8297
1930
3463
7782
7879
7888
9802
1492
3086
628
5445
1502
6603
9373
810
5299
3972
3722
8103
8630
8075
3257
6248
7327
3305
3236
338
5928
2592
6822
2838
3605
2820
149
7312
7424
7253
501
3393
4113
1513
9254
5673
6011
512
8930
5614
4627
2171
1977
7065
5126
6457
3221
9357
5091
3989
7090
6390
1840
4171
1945
7841
6162
5333
2486
4327
8302
1404
4939
6261
9080
6594
3150
8823
5892
1076
9460
4904
3290
1116
9482
6471
7784
578
3514
2679
2082
9092
2451
8109
2993
1215
7238
2877
2948
3545
889
1112
6347
5393
5229
2474
6721
6867
5380
6313
6401
3843
7353
4714
4265
3453
3069
7420
5222
1135
5936
6041
8156
9188
565
3178
8949
3127
6958
9048
8456
4228
2484
7018
5711
9655
6029
5913
7425
7742
744
7939
2344
6792
8993
5843
7133
354
6331
5683
1685
7874
2696
7135
1207
8060
7313
6813
63
3049
9579
5327
8269
2690
2228
2298
1940
1748
3651
2540
981
8113
5668
7043
3690
6102
5272
4793
4101
13
4433
7461
1032
5359
1668
639
4391
9930
7005
5033
6888
9605
2641
8531
5241
331
3750
6121
2847
7873
5233
1016
9388
3065
4283
9368
5534
82
1897
9346
9001
4786
5914
4602
6630
9361
4805
1131
3249
8943
4902
7165
2286
5450
6237
9252
8236
7793
9715
9063
3217
3896
8303
2601
8290
2434
5822
3401
3430
3615
6715
231
5332
7666
1599
5076
5808
3852
7150
9294
9905
2637
2457
1806
8452
7204
3
5506
1029
108
4343
9190
4090
7322
2605
6040
3418
3688
9284
2403
9793
8799
4712
502
885
9055
3818
7980
5214
4515
890
3854
3674
5061
3316
1518
3359
2996
2024
9156
4382
3105
2878
8791
3600
8358
5941
7104
2470
5741
6133
1339
5260
7715
7341
1183
5576
5546
5586
3028
2949
2421
8082
4893
6513
4997
9606
8584
98
4215
8608
3255
3757
6495
8850
3181
6676
8890
9262
7985
6814
1325
8445
4649
2612
6443
9904
739
2203
4004
1199
8663
5230
1931
7041
6566
8086
33
5269
4839
3776
102
9633
8188
2756
4886
1755
8721
7099
9808
3288
6735
378
5612
8472
2266
899
1375
4852
5085
5010
1010
7367
4342
4729
5663
6828
3437
5212
1728
3621
8105
8007
1158
5887
9147
6157
369
8413
5890
6456
1735
8544
8151
4928
3445
6635
6073
6497
7338
9465
2867
2648
8095
2305
2156
2032
2891
3954
9746
3664
7956
2011
2377
5706
1447
3665
6326
6129
6985
5828
637
4258
6787
9578
1908
2965
5757
1600
8157
7407
2112
1504
9676
6350
5443
6240
1984
3377
8079
324
1568
8781
2106
2656
6370
2210
5834
2056
3934
3147
5625
6878
5742
9762
47
7138
4782
1025
9120
6046
4377
2509
6302
6934
9617
4631
1230
6283
3039
8215
8147
9730
1074
6020
1950
1992
8084
2181
8545
2302
6252
5607
6144
1303
791
7896
2396
778
9866
7170
7801
3004
5933
6680
987
9566
6383
4146
6981
481
5119
5818
4037
9466
2606
5904
3247
9764
1166
743
2058
7053
1470
9765
2933
3638
1990
459
5041
4486
6087
3274
7653
1146
4442
4891
4179
9716
6005
2924
5602
811
8099
3573
2442
8871
5868
1212
9446
7577
7659
2843
3209
6081
3996
3875
6737
5064
8433
3417
5773
9990
4821
1703
8652
9947
7233
5066
6976
9461
3199
2917
6221
4097
9202
3251
4430
5786
4624
989
4201
6169
5829
8958
9266
9400
5519
353
7181
5605
5080
8516
9761
9953
4934
2715
2201
9349
45
7981
8247
2454
2724
6090
3737
319
2189
6375
2064
7916
7951
1656
4133
2230
2907
5870
2301
5708
1362
7755
5873
735
7983
9302
1037
7294
8221
3056
8772
1544
2109
3596
7652
5836
1717
2085
8377
1489
9076
1923
4024
8055
7892
9689
1667
181
8936
417
9745
6092
3363
4971
7283
551
2265
6730
7344
1581
2074
9650
3716
9216
9942
9059
6708
9319
251
4553
253
741
5471
8972
8827
9326
2135
7648
4722
9600
3158
4570
2108
1827
1762
307
2209
1514
8090
9744
2098
9970
147
7237
8300
653
7931
6869
6191
249
7100
4127
1132
1426
1316
6791
3315
51
5669
3487
6069
4499
7996
5516
6414
2653
7961
8104
8839
3612
7447
2430
2144
4795
7510
3014
630
4920
9514
1978
6829
9918
3856
1861
7180
4441
9981
3492
8484
1000
8967
8379
4428
4612
5078
4014
1936
1564
9283
4784
6254
7035
1293
235
7085
8026
4573
8718
6177
344
8893
3888
7010
3662
4126
6970
9737
7025
9025
6926
2863
736
9351
8257
1825
4190
1896
5057
1155
580
3761
9420
5343
880
4495
1263
3786
111
3586
6845
3298
4635
2893
8806
6808
4204
4703
121
2111
4320
7613
2689
1136
1261
441
3580
2854
8795
4142
4972
1855
59
1133
3800
3081
7619
7139
8535
9277
8586
1089
909
447
431
6004
6196
3074
9495
6225
7091
5549
8004
2075
5298
5920
5291
864
9086
8462
2468
6292
8407
2461
9484
8394
3528
8052
4000
776
7426
3131
200
213
8805
4945
8566
462
8614
5330
8879
9604
9472
6104
5368
9804
6698
8053
5170
3695
5130
4586
8573
9518
9823
3072
7658
570
4389
4432
2293
9538
8732
361
2436
999
7598
1275
3085
712
2014
1883
4263
473
4353
4554
3166
9747
8378
9057
2814
727
704
1835
9338
7173
1843
8045
5749
7042
9013
1842
1849
3549
8071
7263
7798
7532
9831
8980
7572
1841
1003
233
8835
189
6323
5944
2211
1809
3365
2782
3658
7444
7984
3062
5693
106
2888
8552
8085
9391
5029
1877
2583
5102
6955
1812
4203
1852
1163
9555
3423
42
1948
2550
4941
9318
9505
4906
8595
4775
2351
9991
7944
725
208
6802
9494
7618
1328
5479
9690
2375
6983
5859
4154
2294
8904
6546
519
2871
5438
3248
1584
6900
5356
4921
222
751
8288
4304
4057
14
7861
3117
7098
873
5803
4038
7049
8204
7176
3913
5564
597
7157
8184
7581
963
4475
8461
4723
487
4848
540
5535
2248
8043
2934
1947
87
5545
4050
6954
2988
5733
6153
619
3835
6236
9426
2276
5789
7306
2019
8668
9610
5477
548
7838
8299
8638
997
7392
5474
8010
5989
6609
4471
7256
3597
9598
855
6404
9907
626
8503
1200
5283
9669
5731
9204
8409
8440
2015
7910
5190
5603
2574
7137
8242
4765
3640
7876
5907
391
3031
3352
3012
8370
18
9997
7405
162
9035
5681
4069
4595
3741
6286
3644
8725
2476
7297
6559
8515
5650
2546
3367
3494
2353
9523
1175
8811
6624
5060
1784
5574
7473
9070
8955
9788
3900
4326
7976
6360
8260
7541
9613
1819
4089
6172
7852
5004
3224
9486
8889
3567
211
8487
96
4461
2968
9219
531
5251
4054
856
8429
6184
7105
5537
2054
5411
9810
3591
9967
3885
7140
8937
6663
6192
5188
10
4807
1644
3578
1694
618
1021
8961
3373
1449
4689
6116
88
5358
6034
8954
5719
7020
8966
5730
7899
5794
4438
9317
6807
5510
1507
7627
5109
8020
1015
8543
7599
4697
9962
198
3519
2707
2521
6847
373
6182
8963
9269
1259
6407
8920
2289
8160
6600
2506
1721
952
8793
3361
4725
3769
2674
3329
7267
1670
6345
8549
6492
4590
4622
8392
4751
4691
8453
6736
7696
7102
3018
5665
2514
9249
3027
7663
156
7331
1647
8951
9355
924
2526
4961
1737
1746
8397
84
9704
3560
7758
6147
6418
1534
5906
4702
1454
4579
7947
2186
5703
6490
6076
1596
7923
499
5266
3991
5454
1401
7365
4221
8357
1530
9586
8874
1187
1172
9409
2300
2006
6321
8511
2193
2373
1671
8664
6776
7202
4144
4334
7503
8745
8037
2386
5408
2127
5997
2846
6486
9358
9838
2956
1432
9244
4950
845
8187
4111
1767
5035
4503
7902
1654
5656
4039
9457
781
9611
5288
9934
9504
6783
4311
2595
805
8467
4384
3465
194
7859
9384
9796
1400
2324
9082
309
8995
3392
2325
2463
5434
4618
3927
5970
3047
1876
5416
8308
8872
9896
3698
3389
5529
9522
780
5758
2202
2875
2358
1185
2404
8865
9814
395
1976
941
2239
6574
5470
2608
840
5087
2969
9631
6039
6374
8662
271
9585
3919
2288
1285
9017
6519
2658
1555
6885
1043
8604
4699
3634
9603
6591
5974
6264
1811
4969
1053
7079
2543
8673
3114
1068
130
3154
3819
7865
9914
4480
2539
9973
7839
2584
257
929
5999
787
6930
9637
2692
3785
962
8108
5725
8137
4506
4837
1684
1302
3473
842
2570
4348
2234
8180
3582
4006
1376
4246
6797
2642
7822
3279
7683
7952
4762
8570
2960
6164
4569
2534
3070
3171
177
8478
1475
591
2844
3188
6750
7118
6424
9755
9548
7366
1521
3778
8110
2247
6616
8263
9595
22
8425
4042
9372
2426
6688
8695
3372
579
7972
2824
6827
1402
9512
5566
3124
1569
9209
3431
2036
784
2566
2384
4352
863
3317
3478
8168
2817
2631
7703
6395
4489
1788
4493
4931
1935
4606
2409
9215
7650
9256
4064
21
3059
6526
50
5497
6437
268
4211
9265
6074
9455
6275
342
8855
2735
3649
807
5797
5017
3791
2489
1771
7566
8088
3455
1491
2549
3891
5391
1850
8709
2645
3096
4227
9607
8921
4301
9395
7056
8606
928
6328
4130
8309
2081
7162
3259
6180
1483
2256
1270
4195
7957
6027
8355
6231
5983
9528
6487
430
2267
1161
9436
4862
2398
1390
3007
4706
7763
2701
1683
3943
8395
122
8989
9511
5805
4218
3830
460
4355
5666
5694
5371
1220
2408
1780
1820
3419
3718
7651
5354
821
2303
171
3520
9233
608
980
7359
944
6549
9263
6651
2227
3064
874
5876
8203
8481
8609
710
3575
9014
4623
4462
6305
8568
6902
4285
561
5596
103
3350
3180
7050
6517
2789
4825
8917
7543
5943
139
7810
7940
8819
7508
1356
1734
9452
3272
8603
4440
367
1796
8225
3162
6925
3893
4840
5360
2258
5
636
9988
5237
9553
4419
6793
1496
2078
8753
2175
8061
6596
5155
2998
3459
99
2879
9211
7686
575
6853
1718
160
458
3396
9239
5056
4216
1439
2806
1100
9770
1313
3244
6432
6978
1932
4309
6273
7376
4035
8854
9206
7689
1575
228
5955
1627
2041
5862
9475
9165
8689
9826
7511
9093
5062
2834
450
4919
7024
4963
2657
6312
9140
6045
5280
6705
6019
5710
7111
5838
968
1661
3978
7123
2942
8877
3121
505
8572
1633
1869
2980
6777
3017
3402
3297
8267
8070
9693
186
3740
7261
8450
5554
1797
6334
6000
8463
2503
6247
1482
7200
9641
5796
3697
9201
2117
9946
6889
7211
8873
5373
8253
7243
1178
2366
8283
7528
5161
7494
4030
5150
5310
8990
8665
3235
5968
1988
7321
3593
6149
9072
1651
4333
8748
6368
6336
1660
1571
4797
3720
4281
3387
1742
4259
3546
8048
3682
1451
8998
936
8399
2507
6355
8934
8018
8153
398
6830
5003
3413
1856
8436
6335
9534
3020
5116
9101
3469
3016
2065
1218
8389
3073
4098
9592
498
9210
3106
8193
9777
3001
5781
4581
9322
843
6971
5329
2532
3339
4181
8939
7198
9652
6065
8810
1770
3743
6255
8466
7860
8464
323
496
9654
7949
698
9490
1038
7422
701
3867
360
9040
7480
339
7044
8620
5547
5622
4787
7641
2225
7884
2012
2197
4892
4695
753
2542
6924
6851
7535
640
6269
5744
2638
7469
6389
439
8224
9362
5509
6408
402
485
5135
4781
1350
6762
2070
7623
3734
6239
2855
5747
9560
9984
9581
6938
3471
7141
545
6626
46
9813
680
9345
1206
9394
4512
530
3971
3399
8768
3206
2387
4955
286
9751
8561
3068
2655
9575
6304
2799
6062
2741
1070
8441
8677
4650
6719
6558
310
8014
3390
242
9398
8150
1176
9955
8815
6216
6541
9222
6923
1326
7073
6415
6619
527
3148
3139
6701
4158
9519
5012
7942
8311
9547
279
5489
7507
1953
9687
4027
5418
411
550
3256
471
2734
7074
8428
1086
347
8342
5073
6734
1962
3354
6784
538
6107
6244
4863
5938
610
1357
5508
1448
9940
9069
5718
7948
7827
6629
4153
3851
6214
7244
1093
3306
1519
306
2672
8888
5810
1411
5481
9695
3434
5156
9513
4660
2062
2755
8176
477
7691
7514
9757
2759
1958
6996
399
1576
1744
9615
6152
48
3585
1789
2500
6308
8381
4413
3015
5389
9580
2415
9567
9602
3518
7371
7645
2573
5134
5429
5871
7210
1318
6742
5651
7953
4385
3656
6931
6188
6789
2719
1152
3324
1785
3598
2399
1192
3270
6278
3604
5121
67
1913
7019
4999
3783
3415
522
8944
2115
6399
9356
3557
679
5173
1847
5059
190
3540
7174
5630
995
7661
9128
6694
7205
7156
8279
8388
9390
2233
7772
3700
4409
5717
3940
6855
1509
1012
3095
258
9079
5405
9844
8015
948
4719
3790
622
9928
1156
6738
5825
3421
6013
7739
8838
4135
6951
3034
6508
6695
7866
5698
1383
7328
9526
5643
4053
9836
8033
1405
5512
8345
3153
7418
5206
7925
7006
9851
6114
3828
2128
5276
4166
4364
7054
7918
5137
8171
7792
1736
7346
650
6195
7471
2037
4600
4439
332
4936
9198
1412
2749
3882
7064
6579
8657
9803
4637
2890
5396
6865
8266
2077
376
7032
9440
9978
9480
125
2039
4308
8333
8526
2002
2545
9818
5111
1799
6881
7612
6928
7287
3681
734
4545
415
7639
2317
7337
3820
1880
7816
9396
1562
327
8852
8602
4578
7068
8601
2191
7897
9336
8938
1254
1857
9298
1457
3939
2383
5125
2767
4102
4668
835
4880
4191
2326
521
5215
2728
1982
8922
5811
4242
4735
5820
7225
5597
1312
6160
1714
3293
6484
8908
7595
464
8583
6400
866
5363
5054
4943
9026
8896
946
6911
1440
5051
6886
4698
8619
5301
6988
6753
9132
2520
1813
2126
4220
3173
9109
3192
2501
7579
7786
5357
105
3643
2389
4834
1765
7485
2930
6310
2093
6481
9584
5903
9095
3145
6763
4058
3000
248
4601
8343
746
1333
9596
9405
5746
7378
2357
898
7229
6371
9557
6339
2004
1548
8991
7530
4336
9976
9451
1726
693
2068
2826
494
6913
954
1713
7086
4843
8804
7414
5504
8200
6100
6288
6725
6510
9815
7954
1151
4405
5115
5067
7887
1528
9449
1705
2411
9157
301
2548
6250
1909
4685
8941
9741
6809
6582
2873
5352
7856
1485
7026
526
8760
2205
1017
1537
6105
9692
169
6178
6055
2099
9320
1864
328
1804
66
2541
8383
2928
4371
1563
2097
4396
5671
1079
4783
197
9467
5289
5158
463
1723
5971
9253
7914
7600
8287
6476
2836
2609
8488
8580
5924
2531
7783
3186
2473
1941
6452
4565
380
5367
3052
6461
3661
3660
9241
3289
6307
5431
333
9083
3719
7421
4544
1704
9572
8067
7917
148
4280
476
4854
6131
1462
3806
8524
491
421
7559
6142
4682
6299
4003
8959
4207
6438
3960
9383
9185
7591
8653
6614
8762
7254
6044
2443
3762
1473
5236
7540
1141
5807
168
5201
7398
2290
8751
3508
5290
6086
3529
2361
30
7760
9680
4274
5849
3955
4465
8062
9554
3779
1092
4615
6667
7142
9230
3572
9304
7231
5869
1959
8324
3873
4074
888
4949
7108
5409
8869
2157
5068
3277
3666
9618
4700
9678
8100
2206
1695
278
8194
5978
7747
7946
6213
5709
6151
7008
3511
1273
318
5580
5464
5013
7013
7869
8107
3521
4508
7487
9333
5799
5383
3207
4094
5771
1355
478
1030
1129
2580
1951
8240
2711
1398
9145
4909
3877
8704
3512
9985
5386
847
4536
466
1282
6366
5248
850
9544
7867
8332
6572
2401
8006
6215
9608
4165
6075
2327
8325
2169
2359
6200
6232
2254
7891
691
6220
1996
2597
8451
5323
3535
9827
5186
1279
9638
7029
1652
966
2497
4522
8098
3491
2915
1818
9207
5083
7075
3454
2485
2852
3500
9915
7646
7803
5224
8909
8514
7451
9625
9199
4568
5261
5653
3057
6961
3167
4345
3452
6690
1317
2154
9149
5640
4687
9041
61
4472
8446
3368
7208
7186
110
6203
8119
5690
4093
8179
7411
1689
7610
9966
7063
790
9306
771
9250
7216
676
4802
3829
9401
2323
9651
4761
8336
1939
3197
6929
846
355
6528
1697
3054
685
8400
9348
9126
9706
7404
5830
9597
8094
2512
4415
7003
4813
7486
1640
3946
9292
1107
2666
4571
3907
457
7240
5704
5338
5905
372
742
896
4031
9986
8295
7250
6333
8319
5039
7882
3805
6618
1216
1387
7941
7097
4574
1994
3774
7649
520
4288
4402
2382
5994
6340
4911
1488
5047
8647
9489
1114
7127
7334
6483
6243
2619
1545
4808
7239
1210
585
6858
4172
6125
9129
2150
8437
1062
3849
9537
7714
8547
4163
7031
7977
3645
389
3623
3730
6186
5691
8703
9111
3532
8589
4081
4437
4474
6458
3097
7633
1288
6598
3498
3486
2538
8128
9794
748
3641
1800
8244
3544
7616
1715
3594
8538
1641
5320
2452
9182
5831
4753
2330
6952
482
9664
6832
3773
4525
1998
5376
1419
3299
3314
5840
8690
3839
7463
2983
5998
670
6123
6656
1986
8802
4789
9902
5628
3504
5727
2462
7478
5660
1329
3794
6571
7224
4859
3816
7080
24
7594
7820
9443
1453
8019
2667
4604
4641
340
2850
827
192
7188
7399
2165
5618
3092
5432
9563
5131
4747
906
8554
9327
2868
193
5217
755
4213
1059
6812
4655
5455
5865
9721
1981
7597
5617
7408
4337
2800
484
5729
1817
6127
8578
6801
7973
1634
8322
2502
5335
5677
6866
1495
2034
4217
8617
7212
934
8891
6246
7430
2999
1080
202
5458
4688
5036
9798
9105
2743
2640
7728
9463
9290
335
3628
7744
5065
4827
1838
2313
5312
4318
4990
8557
2703
8426
2159
2028
882
5169
1058
1524
5875
3030
2218
3371
1364
785
760
1659
7342
6757
1917
6373
8587
4552
8590
4953
2908
6920
6270
2309
1466
4800
6932
4933
666
3576
2635
738
4083
4803
9735
6205
3837
3308
6782
5600
2725
4071
8691
1792
2794
516
9531
1306
41
8438
3120
5686
9945
5738
8671
4399
3394
6945
2625
4975
8911
7215
1665
715
3909
1557
4266
690
8030
426
964
9343
4555
9115
8929
6949
2338
9369
4576
831
7720
1542
7640
8301
6564
1550
9795
1761
6650
6024
1103
4473
4088
8670
4143
9073
7962
7684
8639
894
6643
3137
2885
4209
7227
4686
3775
3043
841
1437
2445
7158
5821
1845
663
4500
5674
1395
5079
9478
2628
6654
3327
8265
3136
7797
1240
3126
3872
7093
1969
3276
6597
5139
9226
8387
8782
6338
7817
8916
3189
4325
9378
9332
7531
3796
2087
195
8482
3647
4948
6156
3344
4856
7196
6297
2731
3684
284
9894
2456
644
8206
359
731
1733
9937
8126
7955
89
9441
9558
917
8254
1867
6918
3564
7220
5231
9517
4557
1582
2515
7415
8532
4185
3881
7545
3584
5001
4760
7213
7665
7012
4087
4507
3827
6146
7504
6422
6583
9901
3735
7521
6640
9423
7160
5295
598
6358
5399
3516
6840
5199
6032
6509
3633
8063
8843
8789
6739
8848
3841
2213
5743
199
8216
1416
1965
1892
4330
5235
1574
9920
351
346
206
3669
9785
5570
1865
9994
1213
8410
2092
3320
8315
2889
4455
8953
3271
8613
5705
1791
2113
2972
1257
9364
6118
6573
2832
7992
7675
3215
4651
5385
3485
9786
2761
9310
2273
4197
5439
1082
3242
2856
9743
4357
9546
4918
6412
8513
9354
3844
7813
7688
5322
5406
8403
3219
8699
2685
2163
9503
8326
1790
488
1620
2560
942
4888
3732
6621
2118
4011
1268
229
5469
4868
8962
7975
3484
5167
2936
6948
4155
5207
1413
8457
9944
2372
6
3930
7711
7242
7393
8262
3550
556
26
702
9148
3144
3146
3962
2516
6709
287
9053
2400
2758
358
5613
4822
7269
7325
7453
9778
9569
1745
4358
3347
2148
2994
719
7358
1370
764
7724
4531
667
2365
3630
9936
230
7496
514
4359
8422
3432
3548
5340
949
3531
2395
2073
8539
8633
7464
2786
4677
255
4968
8304
658
8360
9313
1611
3879
3744
6448
7500
6290
1926
2823
1836
5517
436
1476
6425
633
6218
5538
6346
8737
2176
5922
1973
1343
2459
9166
2571
1927
7134
3620
6589
3994
6148
2427
7657
5422
7465
5026
6455
7361
2745
3610
3331
4736
9635
412
2059
5210
5699
1122
7379
956
8814
6702
7785
427
4445
532
8785
5086
2876
5123
1128
3058
422
6095
7016
2547
9698
4273
1610
9893
6530
8056
8517
1663
5077
5682
8983
1612
8022
8064
6606
6642
1904
2440
1512
4551
683
6540
6944
8231
5833
606
919
8049
3133
5419
9899
5756
6992
8353
2553
379
6587
905
2222
7440
927
1106
4028
7011
4106
5937
2005
2183
3759
7556
6966
5864
1719
9321
6544
8275
3211
1487
4411
2646
809
697
2568
6436
4738
8476
3366
2816
5800
6072
4406
6293
3026
9790
7368
4198
5262
911
9445
4913
5258
1276
2926
5250
5678
3814
2217
9636
1392
3029
9773
8374
7381
5342
8576
2808
6315
232
5493
5569
259
6343
9458
6155
3296
9552
8323
8207
2784
634
1586
8475
9714
9593
4147
9977
1120
5145
4882
1371
8834
4247
9875
3433
6556
3448
1775
1149
6298
7476
7391
6285
9583
5120
6463
1520
9331
449
5315
3525
2615
7472
7768
4412
8946
4960
9192
1822
2001
6995
8784
7982
7832
5092
9389
5629
8822
4867
801
7101
2720
2706
5923
8628
5448
2022
5219
8702
1743
7778
3981
5104
2581
9155
7302
4849
2495
4115
8637
6746
2447
4582
4779
3625
6009
9758
3834
4491
9624
4454
1408
1899
8556
9957
2285
5277
4656
7526
4365
9922
9682
5521
2297
4502
2261
4118
8764
9229
3509
5345
5110
9065
3568
8280
8439
8808
6639
6083
877
6314
6848
7538
7908
4998
8167
8731
4434
8610
4585
4061
6741
4456
8744
9104
8129
8758
8625
3304
6874
7441
9169
7110
3887
7513
7796
1118
7034
2591
6825
1764
9736
2919
8629
6063
9235
7268
8546
6839
9197
4838
8202
6268
357
8080
3400
607
8198
7844
7935
6166
3119
6016
4819
6202
407
2681
3513
188
150
978
9282
6861
8076
6943
7023
179
6280
5183
9917
6502
8569
996
73
5798
5552
4099
9541
3911
9545
5100
2537
4271
1039
9350
1824
8321
7153
3717
4123
5657
3935
8505
8490
6473
5307
1523
9037
4567
408
3592
3953
1385
6006
9094
7617
2714
7301
2508
9052
1565
4425
5095
559
2827
858
1026
8780
2407
6309
1720
6122
2830
3205
1638
8191
6998
959
2829
9948
2281
8185
1777
474
5023
3107
2446
2490
8853
483
901
1874
9044
7115
8051
9175
3351
5394
2698
3672
7995
8494
4469
1589
2822
3428
9935
161
3609
6555
1477
7894
1165
7185
1238
2149
9127
7300
3987
8404
8701
887
207
8880
6673
7315
3060
4658
6477
9045
8803
7311
1159
2311
960
7308
6130
3022
9959
3739
2251
2626
5514
7919
5142
6898
1957
2444
2527
7506
2662
7700
3639
8719
5099
8837
9599
1023
3364
3631
4810
5956
9151
1201
3714
4085
6882
6833
9776
1648
252
6460
2469
5777
3349
9568
8769
507
7934
6025
4367
8846
770
3502
4464
9830
4021
3338
3938
1554
7773
7505
1980
4758
6158
3482
6209
3212
368
988
1169
5728
7470
2143
6433
4298
8592
277
9112
5573
3944
804
5714
4957
6768
8627
5948
3997
5585
7059
1431
3268
8161
5369
2275
865
456
5491
7614
9246
1262
6506
4033
3920
2224
5689
9173
9393
7281
6033
3450
912
9006
600
2634
6538
7958
4224
6632
1828
8969
2237
8634
1363
1517
8976
6803
7872
9634
705
1148
8600
8710
616
9058
322
4487
4477
1682
8860
7906
4234
2329
9779
5417
8520
2791
3099
126
7493
5687
7842
142
5775
8497
9713
3957
2572
8041
9152
4879
2793
8562
7748
2388
4504
6193
6493
1643
2971
7635
4716
5969
1722
8626
2602
1725
3237
4350
109
1712
8644
9184
6176
536
5284
4498
4538
492
3983
4962
2179
557
1798
2849
6747
406
8738
3182
8046
2797
5355
4588
1760
419
923
6937
4811
5621
7857
6980
9897
7636
4026
1463
7347
9367
8350
9530
7692
1311
895
4743
6641
9499
216
9410
1511
5697
5648
8356
6843
5451
3648
8913
2147
3650
6426
9116
9432
6711
4323
1139
4742
3863
210
4245
9392
4362
4293
9774
3141
5281
6585
294
3860
747
2946
8523
9718
1964
7116
2510
2129
5814
2700
4196
8170
5543
3677
3464
6136
6831
1168
5466
6728
2773
2410
6167
363
4823
4108
6499
489
2848
1558
3385
7161
1248
3198
5361
1274
9218
568
692
554
7022
6999
560
6590
9323
2200
3878
2649
9869
7129
3477
8840
1290
4572
4363
7765
9562
7626
4015
6696
9839
1184
2594
7089
1696
4594
9363
7654
6287
7756
4910
5259
6022
8111
4792
315
7625
1157
3302
1753
4809
1393
1967
3977
8813
7536
3442
872
165
930
535
7282
1366
4634
5189
2160
3916
9500
2940
2312
1919
2982
3768
1875
6392
9800
2134
7062
5009
1203
1879
4520
4055
6165
5578
1650
6637
2392
2586
868
3278
7997
4915
6764
5769
9702
8773
625
3090
7922
2196
517
3859
8714
2951
6445
7413
684
5759
6416
7096
7628
9828
8465
4449
1910
6962
674
7812
272
5626
9734
6143
620
4670
7563
5548
9609
308
8722
5734
6752
5005
9022
7495
3045
2195
6664
2364
5523
8790
7804
6704
1807
3679
2783
5032
2020
2090
155
1057
4905
555
4009
1022
8174
9371
5753
2916
5228
39
92
3503
6615
7723
3175
4978
3003
9324
3336
3067
5942
4951
6431
4244
403
5349
1351
9824
4876
5435
2482
671
5608
7808
7443
3533
5754
4701
5981
1354
1739
3671
4452
4180
7571
3804
3420
7791
6899
5960
5072
4996
6038
602
1991
3398
3241
44
4395
4212
185
291
9010
5988
8268
726
2412
2043
2652
9502
5855
3376
9133
5973
2084
9245
7002
3689
9506
8250
5524
7144
783
1738
4200
6518
370
2738
9661
3673
5400
9565
374
3958
2957
6514
825
4381
8320
9675
2818
4715
8906
2524
761
5151
4884
7920
9763
3691
1085
6068
8286
5587
8489
6578
2636
7352
3551
5764
1368
1782
7564
9620
5707
7119
8977
1342
8787
2943
566
7340
2177
4188
2304
223
5113
1759
3766
5172
515
6679
1181
4676
6800
7850
1422
1605
6873
3476
4932
8656
1111
2153
4652
4644
9415
8380
6755
6697
7264
6043
6372
1142
7132
876
8777
7607
8821
6281
2145
135
2498
4550
4896
2449
8165
950
3435
1625
4903
1005
2751
4034
5490
4373
2596
1048
3321
276
1905
6382
7621
3915
8313
1083
9921
4561
5203
175
2840
8866
6126
8749
9227
3726
2328
6190
3230
2272
8964
9529
4621
7437
8857
2334
3269
4853
4731
2155
4901
9137
9683
5171
4704
9969
3380
8659
434
5582
2684
6498
8135
75
2242
4665
8518
7382
3917
80
7406
7806
1862
1971
1532
2967
1472
6187
7412
3866
4045
5645
910
6397
3538
6766
3782
144
7247
886
6208
9425
7419
5232
2525
7596
5484
7664
4976
6534
3812
7293
4944
8597
546
7203
6820
7033
629
2984
5498
7397
8956
5159
7372
9483
7249
2347
9726
8577
6964
5213
3103
4124
971
5599
4696
8401
4614
8249
3571
2920
1242
1898
2977
6723
4043
7154
2441
9647
1832
7333
9189
2790
2168
9174
3010
678
669
6154
6599
5856
8314
6917
8648
2370
5894
1091
7679
8337
4270
7694
7309
5715
4664
6536
4720
2315
5784
5270
6859
1560
4278
708
321
4597
467
7907
3475
1468
4654
6863
4328
2238
8114
6939
6001
112
7107
6805
2762
2552
7230
9444
4067
3285
3407
7092
9919
8697
4516
104
9279
3948
254
2339
8012
5306
5465
2170
4386
7477
8195
4566
9983
6691
2052
9556
8371
4648
2687
4289
5204
979
3562
2291
4817
5659
9271
9880
4457
6115
1360
6576
4768
4041
823
3102
6089
9910
7605
3764
7670
2964
4138
2627
2480
5901
5866
6363
5421
8735
3963
5986
830
2923
1253
4514
4317
2768
394
4580
7871
870
3663
920
2582
854
614
1044
3850
9258
5918
8885
2732
7835
5774
7826
2778
6977
6171
3254
1681
9929
5195
78
1335
7226
3787
9442
118
638
4051
5995
1630
7479
297
2815
2417
7166
3323
982
134
3195
9427
8421
1955
8434
1606
2869
8101
558
5244
1140
3282
2048
9574
6410
2904
2321
6968
3382
4575
5265
5430
7326
2346
2559
6523
5300
2727
8918
1763
6580
8351
3979
7290
508
6362
9671
3019
977
7260
6879
1231
3044
8612
2204
7164
2162
7823
7363
4424
6485
3832
2770
3115
4952
7609
2158
4307
5910
4778
6661
2779
4824
3933
8133
537
6353
3223
2151
9843
9658
325
6233
4020
7221
8999
8755
5366
5081
1367
1088
4178
1716
1123
851
4830
5221
2975
9273
2941
2986
7126
9817
9640
2029
6819
1056
6078
1460
5071
3227
2664
243
8669
5444
3763
9329
5748
8192
2187
8636
2438
3736
5311
7554
5557
1197
1538
5560
3904
3950
4164
4117
5348
7149
1102
4724
6257
7738
1707
7718
3345
1658
239
8069
8824
1150
4040
4790
2038
9261
2588
5162
4356
8479
3087
6108
9021
7320
3925
9958
5647
2805
5679
8899
7040
345
1394
6311
7898
4235
3142
5550
290
6531
9107
5925
9180
234
2368
8766
1292
4757
5513
1104
4667
7194
5308
4914
9656
3874
5267
8931
470
4390
8373
2483
58
3581
5382
2944
1933
6645
6488
6230
2208
8092
4898
3340
2035
3696
5174
2107
2803
8897
1649
8493
6761
7509
4466
7429
3569
2252
2418
7802
1693
8149
413
3894
1873
2954
1337
8591
2279
9982
4100
8038
4900
7848
7442
9722
5813
8334
1286
9060
8830
1344
2665
7330
4183
7317
2027
9873
7878
4206
1417
9686
9084
6906
3183
7199
4908
5202
4924
1052
9571
2467
3883
3495
5423
2494
5615
1702
6354
5735
3699
138
884
5144
3194
4129
3134
1766
5951
8987
4785
695
4329
3055
4046
2496
1708
3969
5963
8002
3187
8444
3959
5006
802
9136
6647
4528
7112
7071
675
1195
7875
9789
5275
1049
4984
5392
2710
5598
7084
7557
9660
763
5264
4549
5676
5712
5558
7316
7863
2221
2292
4546
998
4208
7924
6862
5364
9236
931
5702
8508
3607
4628
1497
1154
3009
9782
672
9812
2931
3868
1907
5107
8223
9078
3899
9694
7880
3678
5395
4737
6384
4959
5680
7168
9469
7386
4070
5823
1859
8997
524
3853
8565
728
9300
2178
8988
6631
7273
7066
9131
7251
3201
4114
2141
4151
1381
7432
3627
3914
7529
3113
1618
6852
1438
5379
6098
6936
5633
3637
8504
1190
1837
64
6085
9728
2600
9430
6864
4338
5886
6946
6774
8477
1900
6933
4815
4598
4835
9559
4930
2343
3076
1979
140
1164
1942
8277
7515
3890
6842
312
5286
7072
6834
7147
9098
5782
8115
528
8448
5982
4530
7761
3499
8900
1455
9470
7836
7193
2282
6318
6700
6703
2530
7403
8431
6017
2184
3240
5331
93
6922
2318
6137
6901
2450
2103
4513
405
1359
9731
5160
913
2712
6077
7028
9360
4745
6348
7394
1260
9418
7460
7706
9144
1833
3515
7565
4174
5488
8801
4912
587
2472
1552
9589
8786
3245
2232
3724
3606
3742
1009
5767
2464
6880
9995
6097
7759
6893
6332
8743
7682
9200
2569
5108
7655
3184
8752
571
4947
65
9768
3554
6405
2397
1054
4267
8235
6604
5654
757
1677
1409
151
793
1561
6561
4063
6317
9240
7348
3116
4705
7757
5532
5350
6671
7052
3565
1993
2962
7456
3942
648
5917
2894
1793
6726
5852
9232
5888
732
393
5964
8416
6568
3405
465
3357
7542
116
7677
4613
182
3061
7446
1590
5240
6344
4501
9379
3168
6919
822
2270
4922
6756
4935
4369
2348
5040
3522
2053
4559
8519
5897
562
2229
8178
1889
303
3300
7136
5441
5945
7620
6625
3497
2909
2010
4523
9653
7575
7370
4478
2439
2887
1450
4233
274
1619
8366
2966
2802
2533
9428
6507
5483
2554
7938
4956
6084
7498
7292
1687
7383
5861
2958
6002
3202
7970
2249
3310
5030
8414
7580
6204
9759
714
5146
5880
2000
9673
9688
7726
8692
7389
2420
8273
6712
5296
5442
6398
49
9719
2599
6915
1194
6804
1075
4992
8694
826
1170
3328
9289
1436
9691
6921
5253
7567
6217
8776
2678
8611
6008
3424
1997
7890
8443
3466
3777
4958
3118
214
7517
875
9043
1539
6595
2668
2296
9223
4222
6094
4148
8232
34
3949
8817
4647
9108
7169
2753
3752
3704
3488
4767
7519
4707
881
1506
3982
152
4422
4443
3332
2422
6850
4403
3772
9049
7219
9968
7360
8074
7829
3937
8675
4889
9
9834
8042
7524
5832
4354
8486
2705
820
9857
2862
2051
2055
4121
9872
7060
7051
2837
5631
3864
19
947
4946
8942
818
4524
5314
1177
1642
1578
2214
7965
8646
974
9864
6357
1027
8763
8622
5556
4874
6565
5926
8217
3443
4605
6724
1246
8406
4332
8130
4887
1471
9454
6197
8078
945
7512
8598
9679
3125
8169
3337
3524
7660
808
7416
4048
9705
9305
1223
8391
3993
6602
2866
3410
8210
696
3990
8469
2332
766
7893
1802
2785
9359
1202
1315
1235
6222
76
7172
6113
5787
8435
9029
4388
6071
6049
4833
7336
8864
8842
1858
1361
765
857
5487
7632
8742
273
4225
5138
68
7427
9642
5765
5592
6871
1219
205
7775
455
9205
9342
2376
6135
2717
6527
5965
8112
4967
2812
3683
9493
5895
7217
3667
2567
9183
6533
4692
1701
7824
2007
1960
6119
6883
9712
3411
8312
7045
8529
6511
9933
2215
5536
6036
180
1882
5075
9181
9516
3723
6266
1490
8349
7749
2529
2091
8541
7375
3984
1061
5584
292
2804
7978
5635
74
423
961
8862
4954
8272
7634
8017
3685
9748
4139
8480
6066
6790
4262
577
4387
6120
953
5528
3541
3587
8521
1646
4974
1244
4774
3842
7377
9492
4610
7259
8245
1425
7257
1740
282
9275
5962
6435
7574
687
1251
6093
5105
1314
534
2505
7622
1069
8858
4754
6577
6799
1622
5751
8330
3815
4251
1614
6778
2481
6628
9281
9117
4184
4248
1396
1028
6271
3040
1191
6905
6553
4895
5309
6417
2518
4150
5344
6515
8498
4392
3218
3855
8327
3165
5321
9238
5627
7373
9103
8243
5879
6942
1826
15
4476
1063
9561
2094
8219
2033
3326
7275
2801
4205
9906
6441
1445
2906
8496
2335
703
8563
975
1580
3523
5205
1340
3595
7015
5804
3343
3810
3101
758
1631
9191
5149
2617
6139
6201
8654
5957
4485
7445
9892
7207
227
6743
8927
6352
9908
9081
1162
5499
3534
2212
2978
6391
7734
6450
1113
6403
6570
5541
4642
9781
9421
4873
352
814
5601
6387
1895
6669
5979
3024
8952
8141
203
3797
4269
6794
3489
3082
7354
1853
3250
8118
2310
5216
8384
8796
970
788
6329
993
1579
3112
7088
8832
4629
9435
7593
9591
9739
3543
5136
5899
3848
6666
9837
3480
2104
1284
7986
8950
643
8398
8222
1508
8928
8567
9980
9974
5436
8682
4535
9286
7999
9464
3388
1227
237
5696
4679
3163
3490
904
8281
9840
5841
493
53
1698
5639
2378
158
6376
4806
1024
9672
3046
9163
2198
4733
973
8201
424
6810
2320
5770
27
2809
4167
4068
2670
4726
7933
1583
1430
2280
6593
6682
9862
2991
8723
2565
2739
38
4763
3109
6183
6198
647
9533
2765
2009
6035
2902
1189
2405
2858
3439
7206
8408
503
7601
7438
4547
4104
8615
817
611
599
8849
225
6904
7583
7909
4541
91
6525
5370
1679
5055
4418
5254
8344
665
4740
1224
8965
1549
241
9783
5950
7862
1848
9799
955
4260
5940
1891
3988
9002
7266
4748
154
266
4548
2017
7576
1598
25
6080
7277
7971
2393
688
5947
8369
8097
6532
4964
4732
7674
6026
9925
3733
972
4616
8035
3527
2190
7991
6686
4096
4105
4816
584
3084
1541
4162
5074
609
8605
448
7989
1331
5722
1222
6249
8761
8348
6677
6997
5884
3164
7027
5022
16
4826
1281
2488
9295
4072
5835
8707
8870
1096
3552
1050
6569
4518
8756
9576
7314
3122
3412
5165
8310
6059
3903
9507
5428
7611
7644
6449
6150
7883
8491
1345
246
2050
1674
3822
4249
4986
5467
4603
3129
7825
3083
3728
4558
5912
9632
3617
9419
1008
918
3213
5042
9771
5881
5025
9312
3416
2161
5791
8143
5180
7966
1878
7130
7725
3746
9374
2374
9068
454
8412
7539
8882
8599
8640
2140
6823
7751
7569
4534
1341
3748
9032
397
4674
3655
2049
8645
7069
852
903
6112
8856
4526
853
5303
2116
6300
2414
935
3995
2981
9375
6103
6550
6856
7629
2172
2416
5193
6429
2475
713
9520
8923
7417
7462
8886
2579
7452
4994
2564
6617
867
1499
3088
6047
428
2424
586
2096
4926
2781
9417
5908
5737
2593
432
7553
2120
9278
383
4847
410
7828
8935
9162
5655
396
5919
2236
2219
5049
1252
7710
5247
5093
8028
8829
9456
3176
8706
3636
627
5182
1686
261
1624
1110
3263
8713
9212
5959
9550
9102
9961
8685
3608
3075
4229
5985
6678
1456
8618
9847
9898
6748
799
4175
4397
4116
7943
6060
8148
1526
563
7143
2390
4339
2835
6824
7014
594
3941
7380
184
9075
2023
6987
9016
3470
3404
1386
1245
1255
4253
1036
6393
2676
36
1966
5562
6870
5178
8468
3559
5649
828
7900
2223
4643
2792
8892
97
3705
2970
4275
7527
1338
984
311
4002
3483
7656
6067
4025
5027
2660
3715
9750
6608
9868
6887
3906
786
4232
5496
7915
1228
3659
6897
824
4669
4749
9314
9036
6174
1278
8
5133
6419
238
2663
9684
2277
6581
673
9987
6359
6633
2341
4769
8248
409
204
1465
9328
9662
6379
4842
1732
6145
1921
2152
2123
1823
86
9337
7608
3441
7271
2371
3406
5692
3174
5553
8483
4019
9829
1145
2935
8729
7274
6194
9886
5975
9643
9527
8328
6504
5863
4214
1310
178
2953
8651
8903
5579
1018
5637
6731
3579
9139
9033
7667
1094
509
7928
2406
3861
3303
2167
3680
4563
7546
8256
3341
4007
37
4238
1299
9913
3353
445
5208
1358
794
123
1389
3252
4351
6206
3258
3185
8001
4995
754
6132
8579
552
2460
1929
9927
2905
2669
7152
7903
1952
3929
3283
9645
4241
8868
849
1803
2736
5996
7877
4527
7435
7963
9213
9477
5328
5511
721
1004
8120
9850
1505
6890
8747
8134
119
2114
3261
593
7189
5662
384
6779
1320
7969
6057
1615
5200
4659
3771
730
5961
9474
2622
582
9491
5539
8152
7771
7974
992
9150
8919
3588
1336
3280
5347
2016
4324
4899
5720
1669
7643
8065
124
7117
283
2044
3725
9816
3229
7676
544
9707
1347
2796
844
9753
2207
5766
7754
8553
270
7454
2021
3517
8471
5401
9176
7776
5494
5581
6908
8227
7146
9142
8294
9085
9347
8778
2342
9020
4708
812
6064
4841
1553
9911
5502
612
2945
5377
9648
2379
7788
1078
6612
7387
9649
3646
7840
7721
5118
9019
8341
3928
6636
1901
166
5242
7303
6575
6772
9009
8947
4344
6657
5827
5860
2333
3707
8978
9577
2067
4120
2047
2798
8982
3200
52
9549
6773
2722
8073
9308
4272
191
4084
7148
7851
2883
3754
5257
5164
1147
6316
8902
5540
1294
3295
2682
3381
4577
677
6749
8841
2721
9437
9473
8144
5008
8509
4276
6860
5024
777
5384
7332
4661
6306
2693
2244
3335
9623
4194
4463
8177
8992
6356
8754
5339
1758
5000
2185
833
8196
3021
5019
4490
9628
3686
7558
4109
3301
4492
4497
9630
2057
5826
4770
718
2913
9791
1522
2121
9193
6795
6258
2519
4982
5460
9071
4346
5082
8365
9960
8831
9231
3702
1751
1757
8087
2086
3869
7837
7590
9733
9822
8945
1469
2269
4066
2262
7037
2589
9450
6720
480
8715
4639
9883
8555
5473
4092
7687
4303
1516
2742
8901
7409
3496
5819
7128
7401
3266
5763
6535
601
1208
596
4446
7021
3342
334
893
4529
7298
5533
6857
9030
5915
3801
9882
4746
1296
916
789
9146
1675
4583
7881
3889
2610
3260
6991
1776
3947
7672
6099
7945
5644
3427
1846
5196
8679
7431
7662
5495
2754
7384
9521
5932
6251
7489
8783
1831
1467
8447
7234
212
2620
7125
724
9811
9852
1956
3262
9665
8705
8146
5992
1700
4189
219
7385
9067
5096
6227
71
8117
3374
8492
7388
7362
3510
173
8676
7584
4240
4170
8502
9666
2031
5282
366
5238
9510
1608
4917
4193
7030
6260
5387
5551
2955
2892
1193
5530
6423
1531
8971
8981
615
9668
7288
7631
4017
2345
4938
4539
2216
8473
8102
9380
5867
1297
699
5485
9720
6660
2578
897
9677
1972
3755
3792
837
5966
6442
2699
3066
7350
1188
7439
1609
5854
8291
8218
1772
8121
6551
5761
5632
2896
6342
7846
5851
908
8442
8419
1090
7299
1989
8008
5911
472
8209
3451
891
5606
6729
5934
2076
9916
879
9859
796
2918
9501
5755
1632
7570
6868
2146
3526
8632
3151
298
8212
5198
2899
4927
9113
4077
4709
4
8190
6494
9301
1380
5609
4008
5976
5336
6465
3876
1134
4378
7833
815
6284
574
7390
5572
3965
3041
4230
3460
7544
6367
1424
4052
1602
2618
4256
4925
9412
604
7549
9954
3228
6648
2283
172
1629
4257
7815
6644
5688
5243
8091
1013
7926
1121
1330
6990
6554
43
6953
2976
4176
5337
4653
2079
9992
652
1860
1628
4662
2939
2137
1077
4940
8338
1881
8066
4766
8910
4467
9008
3468
5795
3409
7106
939
1572
860
3974
4755
3210
9809
7843
7490
8775
5440
8895
6322
2630
4878
3265
2774
6421
9031
7847
6993
5185
8264
8346
8878
1916
9926
7058
4314
7550
8845
3838
6767
9007
7335
8716
7560
8364
8154
1750
7870
5845
4056
583
6138
3002
2771
5713
4989
723
7588
8362
3253
7434
9989
9697
7192
9621
8621
2760
8158
957
533
9846
7345
4836
1332
915
689
1441
7930
1428
6547
2255
9028
6406
2306
6303
5070
3143
5346
1427
2173
9203
829
9848
7537
6396
7305
6420
4799
4540
8417
9696
6501
5437
4243
2220
5021
2164
5624
3985
6464
446
4029
2737
7055
3807
5816
7182
2253
2613
2639
7458
3130
1287
9090
4488
3547
9756
5846
7743
5993
1893
5844
6706
506
651
2911
8034
3243
8470
4923
6226
8693
8792
8430
3670
8734
8522
4169
4450
1816
4421
4673
4341
2864
6965
6714
6668
4672
8767
3590
5388
7582
245
5117
4252
5088
5740
4907
3536
7433
8970
9699
8635
5589
4711
7351
9042
6512
4119
2604
9775
7459
7998
6969
6462
5177
9153
6475
8720
2316
2363
3570
7716
6683
9194
4297
5285
4459
2947
401
7467
9134
7562
1570
5977
9485
525
4617
6028
6552
6655
6838
7604
8851
8571
8258
6722
7061
2643
6259
1794
2003
7057
8329
994
3951
9416
3668
302
3313
35
12
5793
6689
4375
4620
2985
5154
5634
4137
497
7799
3080
1031
6941
5148
553
6539
2431
762
4321
9177
5646
2433
8859
5046
8124
6563
7809
127
7831
3708
8672
5984
9923
706
4383
9820
795
7730
9299
8340
8925
661
3563
5902
7766
7483
1810
94
4295
5792
1305
7296
2274
5780
3784
5316
5018
3923
6960
7175
5520
9225
2423
382
285
7278
5015
7232
5140
3214
1593
4361
2226
2633
7319
8887
2895
5571
900
2355
8661
9287
2336
3505
5486
9508
9309
6562
4979
5132
8596
418
6846
3233
3884
8214
4981
7534
1591
8809
5403
7630
1559
4366
8096
3291
9411
2683
7262
4168
2340
2776
7048
9178
3687
9054
9900
2504
3461
5658
9468
1902
2932
2614
834
2295
2841
4423
7369
4591
7589
983
2026
4608
7959
654
2752
8125
7745
7304
4640
9496
9046
2654
117
547
2611
9476
4160
2260
8189
5583
6447
5842
3574
3858
5939
1007
9195
5492
7094
9122
8667
7124
2938
5152
5848
3071
3023
4680
9386
1577
4400
8234
7979
3601
9407
5604
5163
5246
6219
4776
9805
7950
2080
9167
3333
7805
9877
1267
6745
6909
8495
2577
5002
4877
437
4125
6979
6212
2897
1130
7624
861
2517
5790
4255
3493
4977
8686
5882
7248
438
1105
7555
5952
6088
3307
3152
5675
8163
9376
832
1664
9061
1706
3037
2471
6620
5847
1912
6141
6050
632
9429
9012
69
1236
8739
4718
4482
5476
3926
3225
6467
6716
5588
3892
2362
4609
1304
7849
299
3370
4370
9096
1084
1657
7680
7698
7077
4831
1307
2750
220
8255
6560
5449
2777
5930
9260
3945
8274
1781
9051
4287
1546
2763
2624
62
7067
4231
775
3506
3966
7190
4560
7912
9387
3458
9723
8915
921
1295
11
9003
892
2180
1264
101
1309
9890
2713
9488
4864
265
31
3038
5397
2772
6325
6474
5245
3745
7853
5410
5225
5157
2522
2245
2136
2729
167
5268
9118
6771
7789
5457
3817
2188
4684
7236
5274
4453
6896
3789
4186
603
4988
4632
9889
3369
2561
70
6223
9047
9971
5255
7767
7821
8175
1073
2174
23
7735
3756
5365
3967
1987
6989
4832
468
57
1747
6611
8367
8359
9863
5293
9171
1604
5319
8726
6627
6052
4250
137
9403
2089
5404
2708
5398
8228
9159
5505
2925
5812
6189
6440
9867
2831
6986
1983
659
131
1433
1500
4744
4494
2694
9780
3384
7516
6010
8027
5507
4752
1042
8660
4436
5413
1573
5211
6875
6272
8172
4416
6610
1221
5815
5853
3799
4360
1434
4611
3826
5101
1783
8005
8054
8800
2810
128
3281
7603
54
7291
3964
9657
4857
8881
8876
543
2271
7994
943
7693
4401
6529
2702
4739
4542
6053
9950
8271
7921
6377
2723
6826
5278
3234
907
5642
8540
1258
7258
7214
6030
4140
2263
6454
314
9038
6124
4937
2744
6003
6263
6228
6381
392
9141
4690
7717
9856
1234
3011
209
4794
2886
3908
2733
4556
7276
9725
4319
4284
9924
6605
6079
2910
9932
5525
5636
8551
4010
3795
356
6491
7911
2278
1925
2695
8050
9296
8506
3924
4985
6428
1525
3629
4300
4417
709
8282
9285
6058
8039
3204
5839
1435
201
8339
7905
5304
416
3632
2576
9594
756
2937
1271
819
443
9259
8317
4420
5052
7155
6173
7790
7349
4078
7990
5723
4316
4777
922
8730
1269
6364
3053
7854
3312
7343
3803
7475
2726
9525
6411
3721
4016
8559
7705
5857
3970
4131
2535
8024
3006
2629
6613
1108
6548
1232
8423
4379
4587
6446
3555
839
4122
9717
3998
9237
1459
6482
6785
4299
7699
6301
4970
1603
2927
60
9975
3362
9865
9742
5362
9448
3438
9874
4607
479
6349
9639
1205
442
3408
1918
1461
1854
5459
5515
9268
8975
7967
1970
1635
1474
7448
5227
6091
2961
4636
3160
1298
9909
4149
1019
3501
605
3093
3472
6430
6974
2105
9214
1666
5031
4510
8593
6014
9121
3123
3220
8698
9956
3378
1391
4005
4407
8558
8122
4460
4537
9772
90
7855
4134
1535
9819
5616
7960
4771
4820
3100
4294
300
8631
2072
3616
2842
1830
1680
9272
6984
3379
7814
7606
6470
9004
2477
1480
9614
5143
925
3845
6070
4192
8197
8674
159
1623
2558
6646
8712
7819
4468
806
958
8142
2479
8159
5028
4444
6786
6351
3108
1805
6769
6459
4435
1072
8459
4315
6341
8666
1198
1098
6159
8164
9164
3821
6439
5191
9629
6522
4173
9784
3642
1095
6759
6806
1444
8029
7701
6096
6717
2360
4773
1229
4470
7183
8933
9247
6818
513
1613
4059
3386
9413
7038
1601
8307
6199
2903
5772
3078
8994
3753
7410
262
4110
4619
1209
9835
6380
8757
1906
6378
8588
2632
4801
1067
1595
3760
6684
8032
7279
8894
1724
1334
6692
6950
8162
6500
3013
862
991
2974
5112
6469
1051
5106
5916
7770
3589
6505
1127
9792
6740
6291
3583
5089
5128
4897
7484
4584
8861
1815
9833
4368
350
2380
8624
740
1954
9234
8825
3429
9931
9402
4479
2788
9626
4713
4750
9438
4788
267
1768
5287
2912
2787
1829
4589
3833
2381
8794
4236
6037
1186
4372
5048
1949
8155
3155
8347
2677
9659
95
8680
4286
6444
5858
1567
3032
6967
6592
1944
5294
8081
3952
289
5197
3931
8649
5318
6815
5475
9099
3542
5778
5559
362
5425
2598
7937
8390
4254
3751
9243
9434
1754
932
1119
4112
9408
9644
1065
6295
5271
9535
6895
9100
8199
7929
9024
9860
2142
5885
3170
3063
349
2235
8996
7481
9740
3462
5468
7252
5239
9334
5297
8883
3556
6903
1369
2139
8396
1137
7811
9064
6140
6685
2650
3051
9000
6245
8289
1814
5462
153
7167
4983
8106
4564
3467
4187
4398
8512
1617
711
1503
6672
2458
588
9767
2166
7218
6713
2354
9885
8575
3172
5716
7355
4128
1779
5184
6849
5953
5672
8585
9498
9217
1266
3973
4349
4881
9297
4335
773
5472
9542
9807
3246
8728
4310
296
836
2394
3793
2675
664
7
8296
8820
7795
4032
8040
7868
6665
7197
7904
8650
6798
3836
8261
3231
4533
6365
2130
8500
7615
2131
4458
5824
375
3635
9074
6319
4429
4264
2432
1374
6821
3239
7834
4710
3008
5179
4060
2807
3264
7223
1885
247
2769
3652
9130
8779
9161
529
2040
9439
9590
8986
700
7800
8510
9330
9119
1180
2884
7078
1
4156
8926
3190
9891
9797
2973
662
1153
3193
2995
1421
295
8013
83
2133
4657
779
1566
1645
5252
5736
7807
2308
7122
624
1033
5785
1045
164
2963
6324
589
7552
8411
3825
3334
9050
8826
9293
1510
9172
7109
940
7787
9179
6466
7047
3149
2110
4991
1414
4630
390
7184
5124
1946
2671
269
8940
6235
4331
1372
6385
3138
6760
3440
1914
5872
9667
113
3749
8574
2819
9056
170
3273
3618
5326
8352
8960
883
1871
768
8140
1241
5667
8025
985
8382
6872
9341
5732
6727
3765
4152
2119
4987
9251
6681
8984
3694
7329
3444
3703
9951
5760
2465
5561
414
5802
7004
4973
8507
6117
1592
3706
3222
1289
4374
81
2102
9385
4883
1588
1894
3808
8898
595
8833
3561
4427
4157
7083
3292
8844
3161
6841
3809
5020
1171
6451
5909
8770
523
32
9612
2337
1452
8979
7729
6781
8525
8278
8884
2536
5045
5739
6056
6770
8016
4871
792
3975
9601
1138
8047
7638
6876
6649
9524
6780
631
1851
4741
8239
7547
2066
8139
5374
5273
6775
9340
6394
8474
878
7731
1711
3275
9018
6082
7702
859
2616
281
8836
8363
6277
2063
6234
6238
420
4509
3422
1446
1756
6545
5122
8607
4814
1773
4966
3447
8293
6940
9570
2192
2585
5946
1493
2025
2959
9845
4869
5016
348
6241
6914
8905
2264
7178
2718
8582
6652
4764
9749
5220
9027
7457
1486
8684
9949
3780
8528
7585
1515
6982
3079
4448
4161
9303
4678
1250
9674
2780
313
2872
3330
1752
8331
6844
2992
7830
3375
9091
6584
2851
2435
8867
5593
7968
7396
17
8788
1616
9023
7163
8211
9406
1911
3383
2680
1808
7695
8828
8548
293
3802
6658
2898
782
1458
5426
5500
5898
7551
2987
567
6744
8023
1653
9871
6892
3622
2385
3048
5038
848
6758
4012
6175
3322
9497
8368
1247
707
3713
5874
2240
4393
1551
3135
4237
5478
5194
816
2697
10000
4804
6402
8733
2748
3226
1006
260
8068
5724
6163
3865
388
938
4829
7864
4626
6207
3111
7423
146
1691
6211
9841
9264
9972
1974
1688
592
3036
6836
3823
5575
4671
8740
1066
5762
9616
4717
1540
641
1064
8641
1322
8233
4177
6751
4404
8127
1709
3077
8036
4086
7762
6796
4721
4079
581
1626
1594
3813
4312
9311
3191
1237
3203
7113
8011
4865
29
4663
5594
2100
914
5317
9257
3712
8182
3403
2562
990
9724
2921
8009
2914
2448
7323
5877
4845
6294
7586
4798
2730
5817
6262
7374
4380
3179
5503
2124
9685
9352
7356
9622
9515
5014
2874
3110
2647
120
8542
6386
3788
6031
2241
2259
2492
6179
1173
2644
2138
5565
7964
8229
5954
3356
1692
2865
2950
9619
6927
2095
7722
3961
3932
9703
